3.14148148
3.14187064
3.14125068
3.14178064
3.14171380
3.14113816
3.14181792
3.14179040
3.14135576
3.14199512
3.14190144
3.14181168
3.14163200
3.14151024
3.14124616
3.14246368
3.14162520
3.14161744
3.14092104
3.14216752
3.14069980
3.14106088
3.14145140
3.14160896
3.14149464
3.14124480
3.14121564
3.14185720
3.14147944
3.14119936
3.14117440
3.14213992
3.14098176
3.14150048
3.14092300
3.14193360
3.14135900
3.14157384
3.14118184
3.14224624
3.14219400
3.14123320
3.14210520
3.14185984
3.14102128
3.14196480
3.14201008
3.14184624
3.14163340
3.14138096
3.14129896
3.14124048
3.14208600
3.14167008
3.14218388
3.14092608
3.14274028
3.14226920
3.14170160
3.14147616
3.14146012
3.14112704
3.14169420
3.14208808
3.14199768
3.14171584
3.14062060
3.14203760
